0 0 0.320537 -4.94122
1 0.0174533 0.320349 -4.94376
2 0.0349066 0.319791 -4.95134
3 0.0523599 0.318869 -4.96388
4 0.0698132 0.3176 -4.98119
5 0.0872665 0.316004 -5.00308
6 0.10472 0.314106 -5.02924
7 0.122173 0.311936 -5.05935
8 0.139626 0.309528 -5.093
9 0.15708 0.306919 -5.12976
10 0.174533 0.30415 -5.16913
11 0.191986 0.30126 -5.21059
12 0.20944 0.298292 -5.25359
13 0.226893 0.295287 -5.29756
14 0.244346 0.292286 -5.34193
15 0.261799 0.289326 -5.38612
16 0.279253 0.286445 -5.42959
17 0.296706 0.283672 -5.47183
18 0.314159 0.281036 -5.51239
19 0.331613 0.278558 -5.55085
20 0.349066 0.276254 -5.58692
21 0.366519 0.274134 -5.62037
22 0.383972 0.272202 -5.65108
23 0.401426 0.270454 -5.67906
24 0.418879 0.26888 -5.70442
25 0.436332 0.267461 -5.7274
26 0.453786 0.266174 -5.74835
27 0.471239 0.264987 -5.76775
28 0.488692 0.263865 -5.78618
29 0.506145 0.262765 -5.80432
30 0.523599 0.26164 -5.82295
31 0.541052 0.26044 -5.84293
32 0.558505 0.259109 -5.86517
33 0.575959 0.257594 -5.89065
34 0.593412 0.255835 -5.92039
35 0.610865 0.253778 -5.95546
36 0.628319 0.251366 -5.99693
37 0.645772 0.248547 -6.04592
38 0.663225 0.24527 -6.10356
39 0.680678 0.241491 -6.17099
40 0.698132 0.237171 -6.24938
41 0.715585 0.232278 -6.33992
42 0.733038 0.226786 -6.44383
43 0.750492 0.22068 -6.56237
44 0.767945 0.213953 -6.69682
45 0.785398 0.206606 -6.84857
46 0.802851 0.198653 -7.01905
47 0.820305 0.190117 -7.20979
48 0.837758 0.181031 -7.42246
49 0.855211 0.17144 -7.65887
50 0.872665 0.161397 -7.92104
51 0.890118 0.150967 -8.21119
52 0.907571 0.140222 -8.53185
53 0.925025 0.129243 -8.88592
54 0.942478 0.118121 -9.27675
55 0.959931 0.106949 -9.70823
56 0.977384 0.0958299 -10.185
57 0.994838 0.0848677 -10.7126
58 1.01229 0.0741704 -11.2977
59 1.02974 0.0638471 -11.9486
60 1.0472 0.0540065 -12.6755
61 1.06465 0.0447561 -13.4915
62 1.0821 0.0361998 -14.4129
63 1.09956 0.0284371 -15.4612
64 1.11701 0.0215611 -16.6633
65 1.13446 0.0156578 -18.0527
66 1.15192 0.0108038 -19.6642
67 1.16937 0.00706593 -21.5083
68 1.18682 0.00449977 -23.4681
69 1.20428 0.00314871 -25.0187
70 1.22173 0.00304317 -25.1667
71 1.23918 0.00419996 -23.7675
72 1.25664 0.00662181 -21.7902
73 1.27409 0.0102971 -19.8729
74 1.29154 0.0151997 -18.1817
75 1.309 0.0212891 -16.7184
76 1.32645 0.0285108 -15.4499
77 1.3439 0.0367967 -14.3419
78 1.36136 0.0460658 -13.3662
79 1.37881 0.0562248 -12.5007
80 1.39626 0.0671697 -11.7283
81 1.41372 0.0787862 -11.0355
82 1.43117 0.0909516 -10.4119
83 1.44862 0.103536 -9.84909
84 1.46608 0.116403 -9.34034
85 1.48353 0.129414 -8.88018
86 1.50098 0.142426 -8.4641
87 1.51844 0.155296 -8.0884
88 1.53589 0.167881 -7.74997
89 1.55334 0.180043 -7.44624
90 1.5708 0.191645 -7.17503
91 1.58825 0.202557 -6.93452
92 1.6057 0.212658 -6.72318
93 1.62316 0.221834 -6.53972
94 1.64061 0.229981 -6.38307
95 1.65806 0.237008 -6.25237
96 1.67552 0.242834 -6.14691
97 1.69297 0.247392 -6.06614
98 1.71042 0.250631 -6.00965
99 1.72788 0.252512 -5.97717
100 1.74533 0.253013 -5.96857
101 1.76278 0.252125 -5.98384
102 1.78024 0.249856 -6.02309
103 1.79769 0.24623 -6.08659
104 1.81514 0.241284 -6.17472
105 1.8326 0.23507 -6.28802
106 1.85005 0.227655 -6.42722
107 1.8675 0.219119 -6.5932
108 1.88496 0.209553 -6.78706
109 1.90241 0.199061 -7.01014
110 1.91986 0.187757 -7.26403
111 1.93732 0.175765 -7.55068
112 1.95477 0.163215 -7.8724
113 1.97222 0.150246 -8.23197
114 1.98968 0.137002 -8.63273
115 2.00713 0.123631 -9.07874
116 2.02458 0.110283 -9.57492
117 2.04204 0.0971116 -10.1273
118 2.05949 0.0842696 -10.7433
119 2.07694 0.0719092 -11.4322
120 2.0944 0.0601802 -12.2055
121 2.11185 0.0492295 -13.0777
122 2.1293 0.0391996 -14.0672
123 2.14675 0.0302276 -15.196
124 2.16421 0.0224444 -16.4889
125 2.18166 0.0159738 -17.9659
126 2.19911 0.0109318 -19.6131
127 2.21657 0.00742567 -21.2926
128 2.23402 0.00555366 -22.5542
129 2.25147 0.00540428 -22.6726
130 2.26893 0.00705597 -21.5144
131 2.28638 0.0105767 -19.7565
132 2.30383 0.0160237 -17.9524
133 2.32129 0.0234431 -16.2998
134 2.33874 0.0328703 -14.832
135 2.35619 0.0443291 -13.5331
136 2.37365 0.0578323 -12.3783
137 2.3911 0.0733814 -11.3441
138 2.40855 0.090967 -10.4112
139 2.42601 0.110568 -9.56369
140 2.44346 0.132154 -8.78919
141 2.46091 0.155682 -8.0776
142 2.47837 0.1811 -7.42081
143 2.49582 0.208345 -6.81217
144 2.51327 0.237344 -6.24622
145 2.53073 0.268014 -5.71843
146 2.54818 0.300264 -5.22497
147 2.56563 0.333993 -4.76262
148 2.58309 0.369092 -4.32865
149 2.60054 0.405443 -3.92071
150 2.61799 0.44292 -3.53675
151 2.63545 0.481391 -3.17502
152 2.6529 0.520716 -2.83399
153 2.67035 0.560749 -2.51231
154 2.68781 0.601339 -2.2088
155 2.70526 0.64233 -1.92242
156 2.72271 0.68356 -1.65224
157 2.74017 0.724864 -1.39744
158 2.75762 0.766074 -1.15729
159 2.77507 0.80702 -0.931155
160 2.79253 0.847532 -0.718441
161 2.80998 0.887435 -0.518633
162 2.82743 0.926559 -0.331267
163 2.84489 0.964733 -0.155928
164 2.86234 1.00179 0.00775721
165 2.87979 1.03756 0.160122
166 2.89725 1.07188 0.301464
167 2.9147 1.1046 0.43205
168 2.93215 1.13556 0.552118
169 2.94961 1.16463 0.66188
170 2.96706 1.19166 0.761524
171 2.98451 1.21653 0.851215
172 3.00197 1.23911 0.931099
173 3.01942 1.2593 1.0013
174 3.03687 1.27701 1.06193
175 3.05433 1.29214 1.11309
176 3.07178 1.30462 1.15484
177 3.08923 1.31439 1.18725
178 3.10669 1.32141 1.21036
179 3.12414 1.32563 1.22422
180 3.14159 1.32704 1.22884
