0 0 0.326504 -4.86111
1 0.0174533 0.325805 -4.87042
2 0.0349066 0.323716 -4.89835
3 0.0523599 0.320257 -4.94501
4 0.0698132 0.315462 -5.01053
5 0.0872665 0.309378 -5.09511
6 0.10472 0.302064 -5.199
7 0.122173 0.293593 -5.32254
8 0.139626 0.284046 -5.46611
9 0.15708 0.273516 -5.63017
10 0.174533 0.262105 -5.81524
11 0.191986 0.249922 -6.02195
12 0.20944 0.237083 -6.251
13 0.226893 0.22371 -6.50315
14 0.244346 0.209927 -6.77932
15 0.261799 0.195864 -7.08046
16 0.279253 0.181648 -7.40769
17 0.296706 0.16741 -7.76219
18 0.314159 0.153276 -8.14527
19 0.331613 0.13937 -8.55831
20 0.349066 0.125812 -9.00277
21 0.366519 0.112717 -9.4801
22 0.383972 0.100192 -9.99169
23 0.401426 0.0883349 -10.5387
24 0.418879 0.0772375 -11.1217
25 0.436332 0.0669798 -11.7406
26 0.453786 0.0576319 -12.3934
27 0.471239 0.0492524 -13.0757
28 0.488692 0.0418884 -13.7791
29 0.506145 0.0355746 -14.4886
30 0.523599 0.0303339 -15.1807
31 0.541052 0.0261766 -15.8209
32 0.558505 0.0231009 -16.3637
33 0.575959 0.0210931 -16.7586
34 0.593412 0.0201278 -16.962
35 0.610865 0.0201687 -16.9532
36 0.628319 0.021169 -16.743
37 0.645772 0.0230723 -16.3691
38 0.663225 0.0258134 -15.8816
39 0.680678 0.0293193 -15.3285
40 0.698132 0.0335103 -14.7482
41 0.715585 0.038301 -14.1679
42 0.733038 0.0436014 -13.605
43 0.750492 0.0493184 -13.0699
44 0.767945 0.0553568 -12.5683
45 0.785398 0.0616203 -12.1028
46 0.802851 0.0680134 -11.6741
47 0.820305 0.0744418 -11.2818
48 0.837758 0.0808141 -10.9251
49 0.855211 0.0870428 -10.6027
50 0.872665 0.0930451 -10.3131
51 0.890118 0.0987442 -10.0549
52 0.907571 0.10407 -9.82675
53 0.925025 0.108959 -9.62736
54 0.942478 0.113358 -9.45548
55 0.959931 0.11722 -9.30999
56 0.977384 0.120508 -9.18983
57 0.994838 0.123196 -9.09404
58 1.01229 0.125265 -9.02172
59 1.02974 0.126706 -8.97202
60 1.0472 0.127523 -8.94413
61 1.06465 0.127724 -8.93728
62 1.0821 0.12733 -8.95069
63 1.09956 0.12637 -8.98357
64 1.11701 0.124879 -9.0351
65 1.13446 0.122902 -9.1044
66 1.15192 0.12049 -9.1905
67 1.16937 0.117698 -9.29229
68 1.18682 0.11459 -9.40854
69 1.20428 0.11123 -9.53778
70 1.22173 0.107688 -9.67832
71 1.23918 0.104035 -9.8282
72 1.25664 0.100344 -9.98509
73 1.27409 0.0966869 -10.1463
74 1.29154 0.0931363 -10.3088
75 1.309 0.089762 -10.4691
76 1.32645 0.0866315 -10.6232
77 1.3439 0.0838086 -10.7671
78 1.36136 0.0813527 -10.8963
79 1.37881 0.0793176 -11.0063
80 1.39626 0.0777516 -11.0929
81 1.41372 0.076696 -11.1523
82 1.43117 0.0761853 -11.1813
83 1.44862 0.0762461 -11.1778
84 1.46608 0.0768972 -11.1409
85 1.48353 0.0781494 -11.0707
86 1.50098 0.0800048 -10.9688
87 1.51844 0.0824575 -10.8377
88 1.53589 0.085493 -10.6807
89 1.55334 0.089089 -10.5018
90 1.5708 0.093215 -10.3051
91 1.58825 0.0978331 -10.0951
92 1.6057 0.102898 -9.87591
93 1.62316 0.10836 -9.65133
94 1.64061 0.114159 -9.4249
95 1.65806 0.120234 -9.19971
96 1.67552 0.126518 -8.97846
97 1.69297 0.132941 -8.76342
98 1.71042 0.139427 -8.55652
99 1.72788 0.145903 -8.35935
100 1.74533 0.152292 -8.17323
101 1.76278 0.158517 -7.99924
102 1.78024 0.164503 -7.83826
103 1.79769 0.170176 -7.69101
104 1.81514 0.175466 -7.55807
105 1.8326 0.180305 -7.43992
106 1.85005 0.184632 -7.33693
107 1.8675 0.188389 -7.24944
108 1.88496 0.191526 -7.17771
109 1.90241 0.194001 -7.12197
110 1.91986 0.195777 -7.08238
111 1.93732 0.196828 -7.05912
112 1.95477 0.197138 -7.05231
113 1.97222 0.196696 -7.06203
114 1.98968 0.195508 -7.08836
115 2.00713 0.193584 -7.13131
116 2.02458 0.190948 -7.19084
117 2.04204 0.187635 -7.26685
118 2.05949 0.18369 -7.35914
119 2.07694 0.179169 -7.46736
120 2.0944 0.174139 -7.59104
121 2.11185 0.168676 -7.72946
122 2.1293 0.162869 -7.88162
123 2.14675 0.156813 -8.04618
124 2.16421 0.150614 -8.22133
125 2.18166 0.144387 -8.40471
126 2.19911 0.138253 -8.59325
127 2.21657 0.13234 -8.78309
128 2.23402 0.126781 -8.96946
129 2.25147 0.121715 -9.14657
130 2.26893 0.117282 -9.30767
131 2.28638 0.113628 -9.44516
132 2.30383 0.110895 -9.55089
133 2.32129 0.109227 -9.61669
134 2.33874 0.108767 -9.63502
135 2.35619 0.109652 -9.59982
136 2.37365 0.112017 -9.50717
137 2.3911 0.115987 -9.35592
138 2.40855 0.121682 -9.14775
139 2.42601 0.129211 -8.88699
140 2.44346 0.138675 -8.58003
141 2.46091 0.150159 -8.2345
142 2.47837 0.163736 -7.85855
143 2.49582 0.179467 -7.46016
144 2.51327 0.197393 -7.04668
145 2.53073 0.217541 -6.62459
146 2.54818 0.239919 -6.19935
147 2.56563 0.264517 -5.77546
148 2.58309 0.291306 -5.35651
149 2.60054 0.320237 -4.94529
150 2.61799 0.351241 -4.54395
151 2.63545 0.384231 -4.15408
152 2.6529 0.419097 -3.77685
153 2.67035 0.455713 -3.41309
154 2.68781 0.493932 -3.06333
155 2.70526 0.533588 -2.72794
156 2.72271 0.574501 -2.40709
157 2.74017 0.616472 -2.10087
158 2.75762 0.659288 -1.80925
159 2.77507 0.702721 -1.53217
160 2.79253 0.746535 -1.2695
161 2.80998 0.79048 -1.02109
162 2.82743 0.8343 -0.786779
163 2.84489 0.877733 -0.566377
164 2.86234 0.920513 -0.359702
165 2.87979 0.962372 -0.16657
166 2.89725 1.00304 0.0131995
167 2.9147 1.04226 0.179781
168 2.93215 1.07978 0.33334
169 2.94961 1.11533 0.474031
170 2.96706 1.14868 0.601999
171 2.98451 1.17961 0.717376
172 3.00197 1.20789 0.820284
173 3.01942 1.23334 0.910831
174 3.03687 1.25577 0.989112
175 3.05433 1.27503 1.05521
176 3.07178 1.29098 1.10919
177 3.08923 1.3035 1.15112
178 3.10669 1.31251 1.18104
179 3.12414 1.31795 1.19898
180 3.14159 1.31976 1.20495
